0.14887592 1.17477472
0.05846878 0.84948343
0.09426270 1.32186153
0.68746626 1.02784732
-0.02391030 1.42173471
0.72539711 0.96798704
0.26347654 1.37188945
0.81011640 1.12334864
0.34788317 0.77111307
0.33757540 1.50248662
0.73208876 0.79735375
0.74817464 1.10606677
0.60717822 0.78089011
0.86664570 1.18136645
0.52977235 1.19317265
0.26753825 0.89437934
0.65603420 1.04903315
0.71564375 1.32907094
-0.03953448 1.08893908
-0.18592878 0.66239675
0.32162545 1.36336070
-0.27937306 0.18057334
-0.22448344 0.75511807
1.09619471 -1.51979313
1.13337938 -1.40494287
1.69305407 -1.50981398
0.95065940 -1.69998352
1.45359308 -1.16800952
1.39439560 -1.16483529
1.13083831 -1.18584491
0.84936543 -0.97140111
1.16107718 -1.23817315
1.15340088 -1.15454363
0.95800225 -0.87258974
1.32967505 -1.28272745
1.26953107 -1.13068479
0.99802069 -0.88389351
0.74695000 -1.20631056
0.11742662 -0.85567619
1.14193400 -1.31107569
0.93964327 -0.68060977
1.16154825 -1.24570928
1.08422630 -0.76246489
-0.88976587 -0.01908848
-1.65180822 0.35362364
-0.83112856 0.35665059
-1.11608495 0.09032322
-1.78386557 -0.20540126
-1.36450031 0.28280973
-1.35359536 0.06033525
-1.26656331 0.78019729
-0.67373875 0.76600845
-1.50574793 0.67525140
-1.15168582 1.05544844
-1.15362321 0.95694721
-0.81534713 0.28307493
-0.44100816 0.41468598
-1.34531755 0.31565001
-1.06226682 0.68317819
-0.52161655 1.05474695
-0.53167682 -0.02320738
-0.99612153 0.04675750
-0.86972305 0.47936686
-0.58398580 0.02411864
-1.03305536 -0.22817322
-0.13905963 -0.21478033
-1.26975838 -0.63003269
