-1.27233702 0.24712663
-2.01096763 0.19622821
-1.00283722 0.35323000
-0.98531144 0.47067189
-1.10398150 0.16602918
-1.17974264 0.35429783
-1.54564255 0.33222449
-1.22431675 0.63485644
-1.10620288 0.56172991
-1.54071630 1.24192330
-1.31314880 0.54761055
-0.89939151 0.49856411
-1.22614681 0.51683957
-1.31382421 0.65134184
-0.81922257 0.16382385
-0.78826654 0.55807836
-0.52601449 0.41661229
-0.44233805 0.40054312
0.41875258 1.43716214
0.35802856 1.20811607
0.34055813 1.83967866
0.74347675 1.56644575
0.25857079 1.02865297
0.36275418 1.31649557
0.12091268 0.71092519
-0.19107060 1.33040298
-0.04040106 0.94116639
0.98819006 0.59926998
0.71752353 1.21049133
0.70585703 0.73611591
0.17703522 1.08251367
-0.06938216 0.85743961
0.34772675 1.04510966
0.85815612 0.71043494
0.15021794 0.65735205
0.19726183 0.57147506
0.31614263 1.21809229
-0.29438548 0.46777193
-0.05780535 0.22464307
-0.20290968 0.74081112
-0.00260652 0.27716186
1.11320627 -1.25112570
1.26959159 -1.39951850
1.44352742 -1.94014505
1.65001587 -1.08076612
1.49006447 -1.32977301
1.45299084 -1.10396022
0.97675088 -0.97245632
1.48220570 -1.25746920
1.17102396 -0.94370200
0.53822047 -1.62739410
0.58799689 -1.20685185
1.02016118 -1.37198698
1.46171551 -0.90731367
1.48758032 -0.74185745
1.02697253 -1.25791780
0.90095225 -1.45448292
1.16094422 -0.96458791
0.21146187 -1.18439835
0.24185501 -0.42003176
0.23072329 -0.99777497
0.32139971 -1.22373638
