-1.40000000 0.00000000
-1.36500000 0.09386068
-1.33000000 0.18541020
-1.29500000 0.27239430
-1.26000000 0.35267115
-1.22500000 0.42426407
-1.19000000 0.48541020
-1.15500000 0.53460391
-1.12000000 0.57063391
-1.08500000 0.59261300
-1.05000000 0.60000000
-1.01500000 0.59261300
-0.98000000 0.57063391
-0.94500000 0.53460391
-0.91000000 0.48541020
-0.87500000 0.42426407
-0.84000000 0.35267115
-0.80500000 0.27239430
-0.77000000 0.18541020
-0.73500000 0.09386068
-0.70000000 0.00000000
-0.66500000 -0.09386068
1.40000000 -1.40000000
1.36500000 -1.37500000
1.33000000 -1.35000000
1.29500000 -1.32500000
1.26000000 -1.30000000
1.22500000 -1.27500000
1.19000000 -1.25000000
1.15500000 -1.22500000
1.12000000 -1.20000000
1.08500000 -1.17500000
1.05000000 -1.15000000
1.01500000 -1.12500000
0.98000000 -1.10000000
0.94500000 -1.07500000
0.91000000 -1.05000000
0.87500000 -1.02500000
0.84000000 -1.00000000
0.80500000 -0.97500000
0.77000000 -0.95000000
0.73500000 -0.92500000
0.70000000 -0.90000000
0.66500000 -0.87500000
0.00000000 1.40000000
0.09386068 1.36500000
0.18541020 1.33000000
0.27239430 1.29500000
0.35267115 1.26000000
0.42426407 1.22500000
0.48541020 1.19000000
0.53460391 1.15500000
0.57063391 1.12000000
0.59261300 1.08500000
0.60000000 1.05000000
0.59261300 1.01500000
0.57063391 0.98000000
0.53460391 0.94500000
0.48541020 0.91000000
0.42426407 0.87500000
0.35267115 0.84000000
0.27239430 0.80500000
0.18541020 0.77000000
0.09386068 0.73500000
0.00000000 0.70000000
1.40000000 -1.40000000
1.36500000 -1.37500000
1.33000000 -1.35000000
1.29500000 -1.32500000
1.26000000 -1.30000000
1.22500000 -1.27500000
1.19000000 -1.25000000
1.15500000 -1.22500000
1.12000000 -1.20000000
1.08500000 -1.17500000
1.05000000 -1.15000000
1.01500000 -1.12500000
0.98000000 -1.10000000
0.94500000 -1.07500000
0.91000000 -1.05000000
0.87500000 -1.02500000
0.84000000 -1.00000000
0.80500000 -0.97500000
0.77000000 -0.95000000
0.73500000 -0.92500000
0.70000000 -0.90000000
0.66500000 -0.87500000
0.00000000 1.40000000
0.09386068 1.36500000
0.18541020 1.33000000
0.27239430 1.29500000
0.35267115 1.26000000
0.42426407 1.22500000
0.48541020 1.19000000
0.53460391 1.15500000
0.57063391 1.12000000
0.59261300 1.08500000
0.60000000 1.05000000
0.59261300 1.01500000
0.57063391 0.98000000
0.53460391 0.94500000
0.48541020 0.91000000
0.42426407 0.87500000
0.35267115 0.84000000
0.27239430 0.80500000
0.18541020 0.77000000
0.09386068 0.73500000
0.00000000 0.70000000
-0.09386068 0.66500000
-1.40000000 0.00000000
-1.36500000 0.09386068
-1.33000000 0.18541020
-1.29500000 0.27239430
-1.26000000 0.35267115
-1.22500000 0.42426407
-1.19000000 0.48541020
-1.15500000 0.53460391
-1.12000000 0.57063391
-1.08500000 0.59261300
-1.05000000 0.60000000
-1.01500000 0.59261300
-0.98000000 0.57063391
-0.94500000 0.53460391
-0.91000000 0.48541020
-0.87500000 0.42426407
-0.84000000 0.35267115
-0.80500000 0.27239430
-0.77000000 0.18541020
-0.73500000 0.09386068
