-1.34311179 -0.23341422
-1.11887782 0.34685234
-0.85446391 0.09925762
-1.14495488 0.12111482
-1.11489824 -0.05863837
-0.98832119 0.69446179
-1.31665857 0.40521265
-1.37833525 0.30455815
-1.29894726 0.94610464
-1.48209092 0.73672239
-1.18319629 0.49204538
-1.18230014 0.52283442
-0.11560087 0.32229597
-0.89170451 0.30548592
-1.17105416 1.06730098
-1.11621441 0.53029778
-0.83277499 0.09099171
-0.55915911 0.77572656
-0.78608945 0.31929653
-1.05629009 0.05686975
-0.24265229 0.23765198
-0.68316436 0.89238136
1.71852675 -1.50491550
0.95973723 -1.34966892
1.60025929 -1.54777048
0.66212397 -1.51179659
1.68522717 -1.57404735
1.16784696 -1.00207848
1.13268458 -0.86316418
0.56828378 -1.42490736
0.93670042 -1.48356280
1.71395294 -1.35291903
0.57534412 -0.95532977
1.16826695 -1.34693015
1.20167269 -1.13888434
0.81233094 -0.38235858
0.63336121 -0.94540653
0.44593521 -1.10696540
0.81778307 -0.79629968
1.06348401 -0.99957528
1.28315286 -1.15109467
0.88348588 -0.99823004
0.43908258 -1.22241360
0.71776731 -0.76999618
0.09488484 0.79052698
0.58444144 1.28072170
0.09100989 1.38308406
0.06358335 0.96768018
0.22723693 1.04547007
0.64500956 1.11843675
0.01046505 0.81794829
0.57858543 0.87146610
0.82202911 0.98235104
-0.04949935 0.85400632
0.36716907 1.17294111
0.68804784 0.76311783
1.14257857 1.25455902
0.75875581 0.76134549
0.31035924 1.05105403
0.81882652 1.56728041
0.18096565 0.97594021
-0.13047192 0.51273061
0.86441126 0.80088162
0.02313469 0.24694469
-0.03360958 0.20816058
1.19979049 -1.52695000
1.08155209 -1.07995440
1.10156850 -1.11978507
0.42252008 -1.16579951
1.13807932 -1.16971617
1.01121984 -1.39361505
1.21664245 -1.01474039
0.69369290 -1.56488053
0.53900535 -0.99061238
0.90182050 -0.57328386
0.43863264 -0.73017245
0.57137935 -1.26975263
1.10614992 -1.50238450
1.02908985 -1.00920066
1.12082594 -0.78631615
1.26472651 -1.01359031
0.65460977 -0.84943731
0.85741030 -0.71507198
0.80422794 -0.85914927
0.67913024 -0.63185705
1.27730056 -0.32573144
0.34780201 -1.24512021
-0.09949447 1.13041332
-0.09771869 1.27502411
0.19479959 1.33719205
0.41223941 1.75722385
0.36617449 1.44134965
0.76405434 1.40344448
0.80079799 0.97753256
0.25373178 1.05548078
0.58359782 0.48600327
0.50723527 0.76974691
0.50021226 0.83746451
0.64118325 0.16036798
0.30464663 0.75464288
0.52410900 1.31574860
0.67536052 1.52671101
1.42985261 1.03949094
0.58929204 1.48556585
0.27491550 0.99464831
-0.39046469 0.23414418
0.19895355 0.68160272
0.56864546 0.35961047
0.18103324 0.27002069
-0.99403752 -0.25775697
-1.22042248 0.37958979
-1.52569883 0.31952761
-1.30893896 -0.32401304
-1.70556256 0.29902487
-0.80943966 0.61754108
-1.19262429 0.62823681
-0.94999609 0.90739151
-1.64026777 0.85176425
-0.85648638 0.17768041
-1.13774741 0.58224010
-0.99679950 0.55146062
-1.09009905 0.96722330
-0.93545372 0.35353436
-0.32620983 0.23758644
-0.54149902 -0.06553323
0.02542513 0.01402752
-0.91104756 0.02202523
-0.64006098 -0.04695076
-1.08527258 0.21914963
