-0.93957407 0.30407789
-1.01379606 0.29765989
-0.93973765 0.12585932
-1.39505443 0.39762279
-1.69964762 0.13438420
-1.15456308 0.49083292
-1.32786381 0.96249441
-0.85220767 1.03972347
-1.01041791 0.98499997
-0.45299878 0.81569023
-0.80990785 0.68577492
-0.27017243 0.30654043
-0.85664698 0.21678645
-0.62680232 0.39704879
-0.69071530 0.43224546
-0.44750649 0.35242986
-1.26435597 -0.25942558
-0.58633168 0.37253647
-1.52849959 0.44162812
-0.22282183 1.29688753
0.15458442 1.72263935
0.13746076 1.40218139
0.33898306 1.74157281
-0.00572950 2.03422781
0.23839786 1.18046320
0.45066884 1.06247959
0.31948332 1.49443344
0.41685217 0.97071970
0.71493418 1.60439684
0.75179048 0.93968679
0.60861534 1.03424711
0.22243232 1.48112340
0.75468139 0.56748889
0.23261259 0.70740176
0.74273796 1.26715695
0.22351179 0.87545549
0.06178192 0.62696807
0.93295119 -1.34597129
1.78063067 -1.45310696
1.42135763 -1.21325885
1.04978767 -1.20985293
1.07994509 -1.31506612
1.17550875 -1.39675037
1.31031654 -1.65741027
1.13144337 -1.15308347
0.66360692 -1.02470036
1.07329635 -1.58958040
1.42062287 -1.55602633
0.94044688 -1.04912412
0.82227388 -1.10141669
1.50894288 -1.09963537
0.99916603 -1.33878103
1.13032334 -1.16039914
0.93495050 -1.47072299
0.52489167 -1.03581907
0.60016092 -0.95238859
0.88896408 -0.65974244
1.14081970 -0.24466362
0.77338907 -0.67277152
0.79926535 -0.99246140
-0.41338447 2.05750087
0.18405429 1.46643999
0.69488221 1.18471047
0.58529768 1.44410119
0.44510163 1.12589976
0.42363525 1.56822913
0.48577965 1.00117846
0.43592959 1.43104516
0.32183470 1.38619478
0.69372219 0.79822823
0.79964719 1.40530927
1.39738002 0.58391871
0.89331933 1.36546171
0.31085722 1.09705079
0.18060913 0.76507701
0.69692643 0.98996631
0.52530286 0.73131203
0.46979957 0.87601598
-0.28947558 0.52816421
-0.07895411 0.88300553
-0.47332805 0.59215956
0.94572247 0.11673956
0.02544060 0.71744557
-0.55155574 0.75973035
1.30586614 -1.61436688
1.13570826 -1.29315123
1.63860482 -1.25763980
0.82655265 -1.09707908
1.01875278 -1.27942955
1.47940831 -1.08592279
1.35322243 -1.66491356
1.17401967 -1.18251706
0.81109137 -1.21480990
0.71311393 -1.15463303
1.45148463 -0.94314416
0.90237218 -1.23083458
0.46330808 -1.34281665
0.62779505 -1.21691322
0.82334370 -1.23864518
1.16252074 -1.09618586
1.05622175 -0.66358536
0.20827704 -1.27338291
-0.80742107 0.09670571
-1.60505364 0.47666773
-1.09756002 0.05189697
-1.17462133 0.52636970
-1.29966401 0.46320055
-1.18694922 0.10406622
-1.70589591 0.44015361
-1.74131278 -0.08017864
-0.72880044 0.46711062
-1.21071073 0.69422256
-0.84919713 0.05752741
-0.90436538 0.43638963
-1.38159994 -0.08407861
-0.76746141 0.70790318
-0.73904670 0.84131101
-0.71765403 0.24966707
-1.20358692 0.52346816
-0.60511205 0.21364270
-0.43080686 0.51483443
-0.79184641 -0.36792317
-1.07830486 -0.16544790
-0.49505435 -0.03250306
-0.75939243 0.09141032
