1.19711926 -1.83326289
1.01614465 -1.59178372
1.04748562 -1.86128313
1.25754831 -1.08827944
1.10704709 -1.04813522
1.70062591 -0.89348501
1.01854648 -1.40266019
1.36894163 -1.52632106
0.97732736 -0.80011299
0.84174023 -1.29344638
1.19773536 -0.83138116
0.95804771 -1.15419623
0.64536708 -1.25847393
0.99099248 -0.69779551
1.08429585 -0.72364355
0.57205764 -0.69666287
0.66579932 -0.99715633
0.84394135 -1.18938121
0.14585752 1.42560574
0.75123658 1.27730991
0.61185672 1.75198697
-0.11040346 0.54665421
0.93372961 1.30573020
0.47242712 1.42769459
0.46045923 0.39826751
0.87740278 1.27829888
0.38604691 1.45426408
0.81171439 1.40465810
0.89974721 0.75544597
0.43383163 0.43438457
0.82822017 0.62762530
0.28869220 1.33341504
0.74623984 0.41562326
0.15714101 1.23433599
0.40010733 1.00758494
0.56006581 0.35603980
0.29437189 0.08994032
-1.96462888 -0.20869965
-0.98764075 -0.25820411
-0.98668361 0.50355702
-1.38734142 0.13820375
-1.30527432 0.83419587
-1.43405654 -0.04137202
-1.74611319 0.57005663
-0.76052356 0.13828126
-1.01161044 0.53340082
-0.88779275 0.58312483
-1.47427318 0.67996091
-0.69414812 0.59377129
-0.74078898 0.53697274
-1.08603001 0.74014718
-0.64371158 0.84538276
-0.65300164 0.08820668
-1.12498482 -0.02328472
-0.46429779 0.67538748
1.44644099 -1.34911213
1.53836082 -1.43459418
1.44490958 -1.40226262
1.22291800 -1.49501708
1.65728375 -1.15347758
1.04374631 -1.40157301
1.57343130 -1.06841206
1.31412223 -1.15530766
0.61022088 -1.05550521
1.11827759 -1.95803105
0.61269924 -0.83076418
1.33599807 -1.32815382
1.57750266 -1.13558156
0.88805146 -1.72515784
1.30138378 -0.58662717
0.88963101 -0.95413591
0.44130067 -0.98273459
1.19516454 -0.67360072
0.92371291 -1.28295778
0.15031100 -0.93769783
0.76498773 -0.95377613
-0.22046211 1.73924846
-0.02331019 1.44413253
-0.16196447 0.91469847
0.54428305 1.27396941
0.29443255 0.89980691
0.66193206 0.60892799
0.55044870 1.59896950
0.26586520 1.10964163
0.11201256 1.30454899
0.73025967 0.87782778
0.59470799 0.75758381
0.69439079 1.63238326
0.62213496 1.52292335
1.03948087 0.66310431
0.77768145 1.45061512
0.58737331 1.27909535
0.54102526 0.38467712
-0.28689702 0.96160448
0.12290752 0.81291727
0.14145127 0.86514775
-1.89691864 0.06416575
-1.74256698 -0.16669167
-1.33976300 0.08649020
-1.26450650 0.39560123
-1.22266603 0.82555909
-1.53073413 0.76575736
-0.80297644 0.36032558
-0.97704673 0.60403479
-0.57705100 1.09049820
-1.28546822 0.18392056
-1.70112309 0.81056794
-1.41342357 0.19004367
-0.95283758 0.54472532
-0.85840409 0.06493561
-0.97032147 0.09407885
-1.73554876 0.69988849
-0.94139536 0.18162493
-1.10523759 0.28199555
-0.63960399 0.60310155
-0.04739533 0.36968497
