-0.73097423 0.06419521
-1.91867190 0.40449814
-1.22252674 0.32378890
-1.21422530 0.55477940
-1.12476776 -0.35022204
-1.14431570 0.81676467
-0.82042439 0.39025127
-1.23671369 0.93426367
-1.32051222 0.59956728
-0.99255576 -0.24160829
-0.70954298 0.62450987
-1.30659566 0.44952820
-1.29832200 0.47160067
-0.70406330 0.36612060
-0.67455926 0.09436672
-1.06114152 0.32690472
-1.11452771 0.25981487
-0.41257748 0.37629536
1.37565947 -1.59474607
1.10323264 -1.50266365
1.09337756 -1.02270298
1.59996665 -0.78778154
1.41603340 -1.41616582
1.27821860 -1.16315826
0.94437393 -1.67724657
1.53250379 -0.74811322
1.48608467 -1.29684386
1.86632401 -1.38315753
1.13772984 -1.19894333
0.61619491 -1.23251242
1.05415908 -1.26131259
0.88623151 -1.35736267
1.14816601 -1.35842329
0.96803157 -0.82131128
0.86816191 -1.26061185
0.95144290 -0.93983711
0.31703568 -0.89121227
0.86405310 -0.76307863
0.76016011 -1.11995305
0.91994402 -1.27418557
0.56129572 -1.11012705
0.63476218 -1.14668720
0.04097050 1.79106940
0.07429013 1.20023826
0.16891754 1.33109834
0.14424799 1.61497945
0.05073307 1.24868857
0.23879230 0.86395385
0.52987191 0.96227650
0.83526235 1.18913416
0.70589422 1.21341155
0.59364507 0.81190703
0.42313132 0.73361750
0.23881717 1.71245015
0.69935506 1.26736407
0.63322072 1.02974780
0.95438678 1.10644785
0.50701240 0.75751012
0.92625687 0.82113424
0.66009283 0.70715840
0.54589075 0.90623885
-0.00092289 0.96795355
0.11481333 0.92380935
1.83262071 -0.83903466
1.52962328 -1.42771449
1.15474305 -0.95792696
1.19713334 -1.74456201
1.29222120 -1.70944743
1.12202610 -0.92832375
0.53637236 -1.26471526
0.89205391 -0.49125716
0.87566232 -1.27685229
1.10145318 -1.27491803
1.05137704 -1.39186665
1.16567561 -1.03964446
1.39713586 -1.22600431
0.75749151 -0.31315035
1.23339022 -1.47100659
0.92201746 -1.12979169
1.39432582 -1.07307804
0.72622000 -1.61625715
-0.02980394 -0.83774750
0.50897646 -0.96234285
0.75939661 -1.07303091
-1.47955525 -0.14128551
-1.61451542 0.09611434
-1.34207278 0.41732798
-0.85972012 0.26465533
-1.57766655 0.14931166
-0.78480095 0.53391170
-1.37343113 0.64597072
-1.54199690 0.72007670
-1.14648482 0.71465294
-1.84354632 -0.17341532
-0.53254216 0.25118256
-1.41652459 0.26993366
-1.05917302 0.11119935
-0.30393150 0.44893984
-0.71704648 0.17104461
-1.26349399 0.35173199
-0.50783772 -0.14180372
-0.85605131 0.18113626
-1.23287920 0.06719448
-0.91805594 -0.04200715
-0.15685775 -0.02271415
-0.40575526 -0.00181616
-0.72013477 0.83059916
-0.59895396 -0.62119137
-0.59217053 0.77316311
0.33335594 1.45678636
0.15776174 1.19262441
-0.02765167 1.25219158
0.79254897 1.40412742
0.39043389 1.35235827
0.92095417 1.08617738
0.60686789 1.40772171
0.66547762 0.96231350
0.41536377 1.21643772
0.93457323 0.81335855
1.21720315 0.87312271
0.71003053 0.74118190
0.39326888 1.06531933
0.61157098 0.75462459
0.64617343 1.07342945
0.94367633 0.12634151
0.28988104 1.16486756
-0.05843819 1.38481497
-0.15084538 1.01931235
0.16234340 0.39432278
0.12925269 0.51183721
-0.70131135 0.48877599
0.00388334 0.63305451
