0.62841594 1.48267605
0.36943765 1.87315411
0.48138164 1.45251452
-0.25750535 0.99968308
-0.14438410 1.38031372
0.25994695 1.16699996
0.49648823 0.76035077
0.82816589 0.78393197
0.59869538 1.01880653
1.03509251 1.55736608
0.83180478 1.12854715
0.91611384 0.74629654
0.62470998 1.06230246
0.58569620 1.26032088
0.68346923 0.56383206
0.27525836 0.75844592
0.29891413 0.98844521
-0.18194090 0.65869093
0.65246729 0.69941476
0.47623561 0.94834427
0.18754410 0.03185887
1.19311492 -1.31367913
1.86759419 -1.52870646
1.08634904 -1.49808442
1.02396526 -1.25558921
1.90666486 -1.63657028
0.68322237 -1.12321172
1.63158736 -1.35693125
1.42731456 -1.40003870
1.26136939 -1.48531077
0.64725145 -1.49514295
1.02324857 -1.14602053
1.09870545 -0.87863869
0.15672770 -1.24418951
1.34488159 -1.06598059
0.64771196 -1.12974729
0.79318914 -0.78053490
0.37248607 -1.04582407
0.56876720 -1.14991808
0.63065304 -1.28583122
1.13372114 -0.55438504
0.77917893 -1.79985743
0.11349589 -0.83182202
0.62550231 -0.67451260
0.19050784 -0.64866979
-1.53686344 0.71606677
-1.79757050 0.03229716
-0.98148232 0.25442406
-1.16566585 0.27580374
-1.51478684 0.45579232
-1.16882937 1.20448842
-0.96242407 -0.12255403
-1.11368086 0.37015805
-0.92976789 0.72468542
-0.68689170 0.58393918
-1.02600828 1.04039237
-0.94767089 0.37988890
-0.63920215 0.33352268
-0.90285543 0.68218856
-1.09993968 0.31434493
-1.15039180 0.24961131
-1.43919149 -0.16710156
-1.14051963 0.73992806
-1.23868848 0.73966575
-1.09000427 0.35338632
-0.91823374 0.01081343
-0.77647911 -0.35793405
-0.45768632 -0.97251109
-0.44905660 -0.86929258
0.49565104 1.25451030
0.10834617 1.17008158
0.23526505 2.02310394
-0.07680823 2.02026368
0.37386784 1.49459222
0.28707913 1.00665593
0.76118970 1.07044693
0.46650985 0.80146707
0.64103103 0.93952767
0.36547423 1.40548848
0.57901417 1.09453531
1.28490653 1.61424173
0.45134356 0.90853855
0.59993737 0.63594155
0.73564191 1.07826668
0.21552007 0.28257478
0.40933136 1.10017308
1.03684058 0.64861760
0.39161069 0.76233625
0.41727730 1.00566794
-0.06310990 1.01166503
-0.24908947 0.54044048
1.68790872 -1.40456008
1.74088265 -1.55229229
0.44982385 -1.38718303
1.33806131 -1.79437982
1.63111109 -1.51430918
1.20941339 -0.76272385
1.69586151 -1.34997816
1.24076099 -1.02047424
0.97306665 -1.42894096
0.92078015 -0.93631831
0.73662565 -0.84371263
1.15987601 -1.06527795
0.78567673 -1.22109684
1.10347593 -0.60338561
1.22868329 -0.93162379
0.13782589 -0.60310647
1.16621083 -0.85260694
0.38048443 -0.44358210
0.43612455 -0.86149587
1.03560284 -1.11871016
-1.31937453 -0.15540691
-1.71342839 0.55615283
-1.01944059 0.00323407
-1.82769580 -0.21805699
-1.40081620 0.25158885
-1.12085341 0.32703937
-1.72739309 0.96838233
-1.24844907 1.30178342
-0.93062351 0.25088468
-1.27303269 1.10286755
-1.50373024 0.03670999
-0.91022362 0.55657525
-0.55080763 0.91946144
-1.13930272 0.59824523
-1.12972080 0.32831581
-0.22669465 -0.27178791
-1.27957005 0.44080032
-0.19269907 0.08913088
-0.70896701 0.06010857
-0.75141162 -0.63763055
-0.43627249 0.03313800
-0.26037131 0.00759680
-0.48769726 -0.02084233
