-1.61276962 0.20937323
-0.97525600 0.28220715
-1.05552831 -0.02130494
-1.92321266 0.22308382
-1.51876187 0.06517290
-1.78074593 0.32743593
-1.25682599 0.36949448
-0.96186668 0.26489301
-1.29800494 0.96055360
-0.90189579 0.73785126
-0.86288406 0.36690334
-0.86015346 0.40158617
-0.96243790 0.48881461
-0.67782981 0.76296557
-1.06805645 -0.04012599
-0.88219515 0.21631247
-1.03907178 0.23107455
-0.94733070 0.64895828
-0.53278138 0.65570241
-0.86826709 0.04385537
-1.23025276 -0.05915670
-0.95325600 0.31720056
-0.78181902 -0.39102746
-0.11335005 1.57670719
-0.11902771 1.47339792
1.06883661 1.62985545
0.50276601 1.82380082
0.56336898 1.50038479
0.71689113 1.24581038
0.67068559 1.51773923
0.75964354 0.68032114
0.05156734 0.88346393
0.79309377 1.49703601
0.32401861 1.18770083
1.57321113 0.99994633
0.26141667 0.89015262
0.53152761 1.00279130
0.67154595 1.62982472
0.19614841 0.85659510
0.02171553 0.78709241
0.88614953 1.24562449
0.37713194 0.45716192
-0.51340597 0.55248615
-0.22016541 0.27002455
0.01570130 0.94331321
0.38806052 0.61848060
2.07377624 -1.83864342
0.87621514 -1.84068938
1.14234495 -1.65957467
1.80565951 -1.53622434
1.13262945 -1.27967072
1.26317411 -1.49075566
1.23292217 -1.11767870
1.24292535 -1.11842505
1.20353581 -0.89306511
1.09294996 -2.05308642
0.74198095 -0.88385160
0.20343810 -1.33501852
0.77263178 -0.83380435
0.82978699 -1.59878490
1.33988499 -0.95855765
0.79525513 -1.40863180
0.22557605 -1.42321698
1.01002888 -1.02451838
0.94075918 -0.59074506
0.25677043 -1.05113954
0.67435913 -1.11881913
0.63214106 -1.54409200
0.11004411 -1.37925521
0.27496862 1.45016134
0.54261512 0.98939092
0.69194916 1.75922034
-0.12614631 1.57327417
0.18424444 1.06104007
0.33525671 1.22226533
0.39946065 1.08955382
0.09744020 1.02551869
0.76124411 0.88044087
0.11108546 1.05729306
0.37632682 0.91529392
0.37441808 0.70245682
0.32481306 1.14412886
0.45764410 0.88018632
0.46838005 0.89786064
0.36259169 0.89469522
0.83761090 0.90618833
0.34394853 0.82251980
-0.24183370 1.00534379
0.50557543 0.75876073
-0.05011264 0.81075627
-1.13698327 0.61083459
-1.26162565 -0.64336744
-1.56396765 0.26731117
-1.65494512 0.44132489
-1.29444354 0.53659924
-1.26833534 0.38104487
-1.16121627 0.28047823
-1.43381907 0.51444938
-1.27191937 0.43581290
-1.31235507 0.67200120
-1.02302557 0.70538936
-0.72661016 0.78632054
-1.32678237 0.78035957
-1.04007265 0.32040426
-1.03439444 0.21433372
-0.66130980 0.32257482
-1.20834530 0.87624729
-0.91398458 0.04963187
1.77722464 -1.51109342
1.27823283 -1.64687656
1.25471691 -0.90826623
1.11109452 -1.12683646
1.30666592 -1.22006562
1.26843356 -1.44370076
1.36308194 -1.38990858
0.60714038 -0.78398143
1.21644003 -1.18285281
0.84967976 -1.11474905
1.11268440 -1.35975578
0.36668399 -1.67918722
0.99260488 -1.01104353
0.99081163 -1.06564071
0.88934241 -0.73123728
1.11383350 -0.80808754
0.33162595 -1.09240087
0.83166154 -0.87387800
0.77412974 -1.21403526
